-2.900 0.000000 0.000000
-2.800 0.000000 0.000000
-2.700 0.000000 0.000000
-2.600 0.000000 0.000000
-2.500 0.000000 0.000000
-2.400 0.000000 0.000000
-2.300 0.000000 0.000000
-2.200 0.000000 0.000000
-2.100 0.000000 0.000000
-2.000 0.000000 0.000000
-1.900 0.000000 0.000000
-1.800 0.000000 0.000000
-1.700 0.000000 0.000000
-1.600 0.000000 0.000000
-1.500 0.000000 0.000000
-1.400 0.000000 0.000000
-1.300 0.000000 0.000000
-1.200 0.000000 0.000000
-1.100 0.000000 0.000000
-1.000 0.000000 0.000000
-0.900 0.000000 0.000000
-0.800 0.000000 0.000000
-0.700 0.000000 0.000000
-0.600 0.000000 0.000000
-0.500 0.000000 0.000000
-0.400 0.000000 0.000000
-0.300 0.000000 0.000000
-0.200 0.000000 0.000000
-0.100 0.000000 0.000000
-0.000 0.000000 0.000000
0.100 0.099995 0.099999
0.200 0.199995 0.199999
0.300 0.299995 0.299999
0.400 0.399995 0.399999
0.500 0.499995 0.499999
0.600 0.599995 0.599999
0.700 0.699995 0.699999
0.800 0.799995 0.799999
0.900 0.899995 0.899999
1.000 0.999995 0.999999
1.100 0.900005 0.900001
1.200 0.800005 0.800001
1.300 0.700005 0.700001
1.400 0.600005 0.600001
1.500 0.500005 0.500000
1.600 0.400005 0.400000
1.700 0.300005 0.300000
1.800 0.200005 0.200000
1.900 0.100005 0.100000
2.000 0.000005 0.000000
2.100 0.000000 0.000000
2.200 0.000000 0.000000
2.300 0.000000 0.000000
2.400 0.000000 0.000000
2.500 0.000000 0.000000
2.600 0.000000 0.000000
2.700 0.000000 0.000000
2.800 0.000000 0.000000
2.900 0.000000 0.000000
3.000 0.000000 0.000000
3.100 0.000000 0.000000
3.200 0.000000 0.000000
3.300 0.000000 0.000000
3.400 0.000000 0.000000
3.500 0.000000 0.000000
3.600 0.000000 0.000000
3.700 0.000000 0.000000
3.800 0.000000 0.000000
3.900 0.000000 0.000000
4.000 0.000000 0.000000
4.100 0.000000 0.000000
4.200 0.000000 0.000000
4.300 0.000000 0.000000
4.400 0.000000 0.000000
4.500 0.000000 0.000000
4.600 0.000000 0.000000
4.700 0.000000 0.000000
4.800 0.000000 0.000000
4.900 0.000000 0.000000
5.000 0.000000 0.000000
5.100 0.000000 0.000000
5.200 0.000000 0.000000
5.300 0.000000 0.000000
5.400 0.000000 0.000000
5.500 0.000000 0.000000
5.600 0.000000 0.000000
5.700 0.000000 0.000000
5.800 0.000000 0.000000
5.900 0.000000 0.000000
6.000 0.000000 0.000000
6.100 0.000000 0.000000
6.200 0.000000 0.000000
6.300 0.000000 0.000000
6.400 0.000000 0.000000
6.500 0.000000 0.000000
6.600 0.000000 0.000000
6.700 0.000000 0.000000
6.800 0.000000 0.000000
6.900 0.000000 0.000000
7.000 0.000000 0.000000
7.100 0.000000 0.000000
