-2.990 0.000
-2.980 0.000
-2.970 0.000
-2.960 0.000
-2.950 0.000
-2.940 0.000
-2.930 0.000
-2.920 0.000
-2.910 0.000
-2.900 0.000
-2.890 0.000
-2.880 0.000
-2.870 0.000
-2.860 0.000
-2.850 0.000
-2.840 0.000
-2.830 0.000
-2.820 0.000
-2.810 0.000
-2.800 0.000
-2.790 0.000
-2.780 0.000
-2.770 0.000
-2.760 0.000
-2.750 0.000
-2.740 0.000
-2.730 0.000
-2.720 0.000
-2.710 0.000
-2.700 0.000
-2.690 0.000
-2.680 0.000
-2.670 0.000
-2.660 0.000
-2.650 0.000
-2.640 0.000
-2.630 0.000
-2.620 0.000
-2.610 0.000
-2.600 0.000
-2.590 0.000
-2.580 0.000
-2.570 0.000
-2.560 0.000
-2.550 0.000
-2.540 0.000
-2.530 0.000
-2.520 0.000
-2.510 0.000
-2.500 0.000
-2.490 0.000
-2.480 0.000
-2.470 0.000
-2.460 0.000
-2.450 0.000
-2.440 0.000
-2.430 0.000
-2.420 0.000
-2.410 0.000
-2.400 0.000
-2.390 0.000
-2.380 0.000
-2.370 0.000
-2.360 0.000
-2.350 0.000
-2.340 0.000
-2.330 0.000
-2.320 0.000
-2.310 0.000
-2.300 0.000
-2.290 0.000
-2.280 0.000
-2.270 0.000
-2.260 0.000
-2.250 0.000
-2.240 0.000
-2.230 0.000
-2.220 0.000
-2.210 0.000
-2.200 0.000
-2.190 0.000
-2.180 0.000
-2.170 0.000
-2.160 0.000
-2.150 0.000
-2.140 0.000
-2.130 0.000
-2.120 0.000
-2.110 0.000
-2.100 0.000
-2.090 0.000
-2.080 0.000
-2.070 0.000
-2.060 0.000
-2.050 0.000
-2.040 0.000
-2.030 0.000
-2.020 0.000
-2.010 0.000
-2.000 0.000
-1.990 0.000
-1.980 0.000
-1.970 0.000
-1.960 0.000
-1.950 0.000
-1.940 0.000
-1.930 0.000
-1.920 0.000
-1.910 0.000
-1.900 0.000
-1.890 0.000
-1.880 0.000
-1.870 0.000
-1.860 0.000
-1.850 0.000
-1.840 0.000
-1.830 0.000
-1.820 0.000
-1.810 0.000
-1.800 0.000
-1.790 0.000
-1.780 0.000
-1.770 0.000
-1.760 0.000
-1.750 0.000
-1.740 0.000
-1.730 0.000
-1.720 0.000
-1.710 0.000
-1.700 0.000
-1.690 0.000
-1.680 0.000
-1.670 0.000
-1.660 0.000
-1.650 0.000
-1.640 0.000
-1.630 0.000
-1.620 0.000
-1.610 0.000
-1.600 0.000
-1.590 0.000
-1.580 0.000
-1.570 0.000
-1.560 0.000
-1.550 0.000
-1.540 0.000
-1.530 0.000
-1.520 0.000
-1.510 0.000
-1.500 0.000
-1.490 0.000
-1.480 0.000
-1.470 0.000
-1.460 0.000
-1.450 0.000
-1.440 0.000
-1.430 0.000
-1.420 0.000
-1.410 0.000
-1.400 0.000
-1.390 0.000
-1.380 0.000
-1.370 0.000
-1.360 0.000
-1.350 0.000
-1.340 0.000
-1.330 0.000
-1.320 0.000
-1.310 0.000
-1.300 0.000
-1.290 0.000
-1.280 0.000
-1.270 0.000
-1.260 0.000
-1.250 0.000
-1.240 0.000
-1.230 0.000
-1.220 0.000
-1.210 0.000
-1.200 0.000
-1.190 0.000
-1.180 0.000
-1.170 0.000
-1.160 0.000
-1.150 0.000
-1.140 0.000
-1.130 0.000
-1.120 0.000
-1.110 0.000
-1.100 0.000
-1.090 0.000
-1.080 0.000
-1.070 0.000
-1.060 0.000
-1.050 0.000
-1.040 0.000
-1.030 0.000
-1.020 0.000
-1.010 0.000
-1.000 0.000
-0.990 0.000
-0.980 0.000
-0.970 0.000
-0.960 0.000
-0.950 0.000
-0.940 0.000
-0.930 0.000
-0.920 0.000
-0.910 0.000
-0.900 0.000
-0.890 0.000
-0.880 0.000
-0.870 0.000
-0.860 0.000
-0.850 0.000
-0.840 0.000
-0.830 0.000
-0.820 0.000
-0.810 0.000
-0.800 0.000
-0.790 0.000
-0.780 0.000
-0.770 0.000
-0.760 0.000
-0.750 0.000
-0.740 0.000
-0.730 0.000
-0.720 0.000
-0.710 0.000
-0.700 0.000
-0.690 0.000
-0.680 0.000
-0.670 0.000
-0.660 0.000
-0.650 0.000
-0.640 0.000
-0.630 0.000
-0.620 0.000
-0.610 0.000
-0.600 0.000
-0.590 0.000
-0.580 0.000
-0.570 0.000
-0.560 0.000
-0.550 0.000
-0.540 0.000
-0.530 0.000
-0.520 0.000
-0.510 0.000
-0.500 0.000
-0.490 0.000
-0.480 0.000
-0.470 0.000
-0.460 0.000
-0.450 0.000
-0.440 0.000
-0.430 0.000
-0.420 0.000
-0.410 0.000
-0.400 0.000
-0.390 0.000
-0.380 0.000
-0.370 0.000
-0.360 0.000
-0.350 0.000
-0.340 0.000
-0.330 0.000
-0.320 0.000
-0.310 0.000
-0.300 0.000
-0.290 0.000
-0.280 0.000
-0.270 0.000
-0.260 0.000
-0.250 0.000
-0.240 0.000
-0.230 0.000
-0.220 0.000
-0.210 0.000
-0.200 0.000
-0.190 0.000
-0.180 0.000
-0.170 0.000
-0.160 0.000
-0.150 0.000
-0.140 0.000
-0.130 0.000
-0.120 0.000
-0.110 0.000
-0.100 0.000
-0.090 0.000
-0.080 0.000
-0.070 0.000
-0.060 0.000
-0.050 0.000
-0.040 0.000
-0.030 0.000
-0.020 0.000
-0.010 0.000
-0.000 0.000
0.010 0.010
0.020 0.020
0.030 0.030
0.040 0.040
0.050 0.050
0.060 0.060
0.070 0.070
0.080 0.080
0.090 0.090
0.100 0.100
0.110 0.110
0.120 0.120
0.130 0.130
0.140 0.140
0.150 0.150
0.160 0.160
0.170 0.170
0.180 0.180
0.190 0.190
0.200 0.200
0.210 0.210
0.220 0.220
0.230 0.230
0.240 0.240
0.250 0.250
0.260 0.260
0.270 0.270
0.280 0.280
0.290 0.290
0.300 0.300
0.310 0.310
0.320 0.320
0.330 0.330
0.340 0.340
0.350 0.350
0.360 0.360
0.370 0.370
0.380 0.380
0.390 0.390
0.400 0.400
0.410 0.410
0.420 0.420
0.430 0.430
0.440 0.440
0.450 0.450
0.460 0.460
0.470 0.470
0.480 0.480
0.490 0.490
0.500 0.500
0.510 0.510
0.520 0.520
0.530 0.530
0.540 0.540
0.550 0.550
0.560 0.560
0.570 0.570
0.580 0.580
0.590 0.590
0.600 0.600
0.610 0.610
0.620 0.620
0.630 0.630
0.640 0.640
0.650 0.650
0.660 0.660
0.670 0.670
0.680 0.680
0.690 0.690
0.700 0.700
0.710 0.710
0.720 0.720
0.730 0.730
0.740 0.740
0.750 0.750
0.760 0.760
0.770 0.770
0.780 0.780
0.790 0.790
0.800 0.800
0.810 0.810
0.820 0.820
0.830 0.830
0.840 0.840
0.850 0.850
0.860 0.860
0.870 0.870
0.880 0.880
0.890 0.890
0.900 0.900
0.910 0.910
0.920 0.920
0.930 0.930
0.940 0.940
0.950 0.950
0.960 0.960
0.970 0.970
0.980 0.980
0.990 0.990
1.000 1.000
1.010 0.990
1.020 0.980
1.030 0.970
1.040 0.960
1.050 0.950
1.060 0.940
1.070 0.930
1.080 0.920
1.090 0.910
1.100 0.900
1.110 0.890
1.120 0.880
1.130 0.870
1.140 0.860
1.150 0.850
1.160 0.840
1.170 0.830
1.180 0.820
1.190 0.810
1.200 0.800
1.210 0.790
1.220 0.780
1.230 0.770
1.240 0.760
1.250 0.750
1.260 0.740
1.270 0.730
1.280 0.720
1.290 0.710
1.300 0.700
1.310 0.690
1.320 0.680
1.330 0.670
1.340 0.660
1.350 0.650
1.360 0.640
1.370 0.630
1.380 0.620
1.390 0.610
1.400 0.600
1.410 0.590
1.420 0.580
1.430 0.570
1.440 0.560
1.450 0.550
1.460 0.540
1.470 0.530
1.480 0.520
1.490 0.510
1.500 0.500
1.510 0.490
1.520 0.480
1.530 0.470
1.540 0.460
1.550 0.450
1.560 0.440
1.570 0.430
1.580 0.420
1.590 0.410
1.600 0.400
1.610 0.390
1.620 0.380
1.630 0.370
1.640 0.360
1.650 0.350
1.660 0.340
1.670 0.330
1.680 0.320
1.690 0.310
1.700 0.300
1.710 0.290
1.720 0.280
1.730 0.270
1.740 0.260
1.750 0.250
1.760 0.240
1.770 0.230
1.780 0.220
1.790 0.210
1.800 0.200
1.810 0.190
1.820 0.180
1.830 0.170
1.840 0.160
1.850 0.150
1.860 0.140
1.870 0.130
1.880 0.120
1.890 0.110
1.900 0.100
1.910 0.090
1.920 0.080
1.930 0.070
1.940 0.060
1.950 0.050
1.960 0.040
1.970 0.030
1.980 0.020
1.990 0.010
2.000 0.000
2.010 0.000
2.020 0.000
2.030 0.000
2.040 0.000
2.050 0.000
2.060 0.000
2.070 0.000
2.080 0.000
2.090 0.000
2.100 0.000
2.110 0.000
2.120 0.000
2.130 0.000
2.140 0.000
2.150 0.000
2.160 0.000
2.170 0.000
2.180 0.000
2.190 0.000
2.200 0.000
2.210 0.000
2.220 0.000
2.230 0.000
2.240 0.000
2.250 0.000
2.260 0.000
2.270 0.000
2.280 0.000
2.290 0.000
2.300 0.000
2.310 0.000
2.320 0.000
2.330 0.000
2.340 0.000
2.350 0.000
2.360 0.000
2.370 0.000
2.380 0.000
2.390 0.000
2.400 0.000
2.410 0.000
2.420 0.000
2.430 0.000
2.440 0.000
2.450 0.000
2.460 0.000
2.470 0.000
2.480 0.000
2.490 0.000
2.500 0.000
2.510 0.000
2.520 0.000
2.530 0.000
2.540 0.000
2.550 0.000
2.560 0.000
2.570 0.000
2.580 0.000
2.590 0.000
2.600 0.000
2.610 0.000
2.620 0.000
2.630 0.000
2.640 0.000
2.650 0.000
2.660 0.000
2.670 0.000
2.680 0.000
2.690 0.000
2.700 0.000
2.710 0.000
2.720 0.000
2.730 0.000
2.740 0.000
2.750 0.000
2.760 0.000
2.770 0.000
2.780 0.000
2.790 0.000
2.800 0.000
2.810 0.000
2.820 0.000
2.830 0.000
2.840 0.000
2.850 0.000
2.860 0.000
2.870 0.000
2.880 0.000
2.890 0.000
2.900 0.000
2.910 0.000
2.920 0.000
2.930 0.000
2.940 0.000
2.950 0.000
2.960 0.000
2.970 0.000
2.980 0.000
2.990 0.000
3.000 0.000
3.010 0.000
3.020 0.000
3.030 0.000
3.040 0.000
3.050 0.000
3.060 0.000
3.070 0.000
3.080 0.000
3.090 0.000
3.100 0.000
3.110 0.000
3.120 0.000
3.130 0.000
3.140 0.000
3.150 0.000
3.160 0.000
3.170 0.000
3.180 0.000
3.190 0.000
3.200 0.000
3.210 0.000
3.220 0.000
3.230 0.000
3.240 0.000
3.250 0.000
3.260 0.000
3.270 0.000
3.280 0.000
3.290 0.000
3.300 0.000
3.310 0.000
3.320 0.000
3.330 0.000
3.340 0.000
3.350 0.000
3.360 0.000
3.370 0.000
3.380 0.000
3.390 0.000
3.400 0.000
3.410 0.000
3.420 0.000
3.430 0.000
3.440 0.000
3.450 0.000
3.460 0.000
3.470 0.000
3.480 0.000
3.490 0.000
3.500 0.000
3.510 0.000
3.520 0.000
3.530 0.000
3.540 0.000
3.550 0.000
3.560 0.000
3.570 0.000
3.580 0.000
3.590 0.000
3.600 0.000
3.610 0.000
3.620 0.000
3.630 0.000
3.640 0.000
3.650 0.000
3.660 0.000
3.670 0.000
3.680 0.000
3.690 0.000
3.700 0.000
3.710 0.000
3.720 0.000
3.730 0.000
3.740 0.000
3.750 0.000
3.760 0.000
3.770 0.000
3.780 0.000
3.790 0.000
3.800 0.000
3.810 0.000
3.820 0.000
3.830 0.000
3.840 0.000
3.850 0.000
3.860 0.000
3.870 0.000
3.880 0.000
3.890 0.000
3.900 0.000
3.910 0.000
3.920 0.000
3.930 0.000
3.940 0.000
3.950 0.000
3.960 0.000
3.970 0.000
3.980 0.000
3.990 0.000
4.000 0.000
4.010 0.000
4.020 0.000
4.030 0.000
4.040 0.000
4.050 0.000
4.060 0.000
4.070 0.000
4.080 0.000
4.090 0.000
4.100 0.000
4.110 0.000
4.120 0.000
4.130 0.000
4.140 0.000
4.150 0.000
4.160 0.000
4.170 0.000
4.180 0.000
4.190 0.000
4.200 0.000
4.210 0.000
4.220 0.000
4.230 0.000
4.240 0.000
4.250 0.000
4.260 0.000
4.270 0.000
4.280 0.000
4.290 0.000
4.300 0.000
4.310 0.000
4.320 0.000
4.330 0.000
4.340 0.000
4.350 0.000
4.360 0.000
4.370 0.000
4.380 0.000
4.390 0.000
4.400 0.000
4.410 0.000
4.420 0.000
4.430 0.000
4.440 0.000
4.450 0.000
4.460 0.000
4.470 0.000
4.480 0.000
4.490 0.000
4.500 0.000
4.510 0.000
4.520 0.000
4.530 0.000
4.540 0.000
4.550 0.000
4.560 0.000
4.570 0.000
4.580 0.000
4.590 0.000
4.600 0.000
4.610 0.000
4.620 0.000
4.630 0.000
4.640 0.000
4.650 0.000
4.660 0.000
4.670 0.000
4.680 0.000
4.690 0.000
4.700 0.000
4.710 0.000
4.720 0.000
4.730 0.000
4.740 0.000
4.750 0.000
4.760 0.000
4.770 0.000
4.780 0.000
4.790 0.000
4.800 0.000
4.810 0.000
4.820 0.000
4.830 0.000
4.840 0.000
4.850 0.000
4.860 0.000
4.870 0.000
4.880 0.000
4.890 0.000
4.900 0.000
4.910 0.000
4.920 0.000
4.930 0.000
4.940 0.000
4.950 0.000
4.960 0.000
4.970 0.000
4.980 0.000
4.990 0.000
5.000 0.000
5.010 0.000
5.020 0.000
5.030 0.000
5.040 0.000
5.050 0.000
5.060 0.000
5.070 0.000
5.080 0.000
5.090 0.000
5.100 0.000
5.110 0.000
5.120 0.000
5.130 0.000
5.140 0.000
5.150 0.000
5.160 0.000
5.170 0.000
5.180 0.000
5.190 0.000
5.200 0.000
5.210 0.000
5.220 0.000
5.230 0.000
5.240 0.000
5.250 0.000
5.260 0.000
5.270 0.000
5.280 0.000
5.290 0.000
5.300 0.000
5.310 0.000
5.320 0.000
5.330 0.000
5.340 0.000
5.350 0.000
5.360 0.000
5.370 0.000
5.380 0.000
5.390 0.000
5.400 0.000
5.410 0.000
5.420 0.000
5.430 0.000
5.440 0.000
5.450 0.000
5.460 0.000
5.470 0.000
5.480 0.000
5.490 0.000
5.500 0.000
5.510 0.000
5.520 0.000
5.530 0.000
5.540 0.000
5.550 0.000
5.560 0.000
5.570 0.000
5.580 0.000
5.590 0.000
5.600 0.000
5.610 0.000
5.620 0.000
5.630 0.000
5.640 0.000
5.650 0.000
5.660 0.000
5.670 0.000
5.680 0.000
5.690 0.000
5.700 0.000
5.710 0.000
5.720 0.000
5.730 0.000
5.740 0.000
5.750 0.000
5.760 0.000
5.770 0.000
5.780 0.000
5.790 0.000
5.800 0.000
5.810 0.000
5.820 0.000
5.830 0.000
5.840 0.000
5.850 0.000
5.860 0.000
5.870 0.000
5.880 0.000
5.890 0.000
5.900 0.000
5.910 0.000
5.920 0.000
5.930 0.000
5.940 0.000
5.950 0.000
5.960 0.000
5.970 0.000
5.980 0.000
5.990 0.000
6.000 0.000
6.010 0.000
6.020 0.000
6.030 0.000
6.040 0.000
6.050 0.000
6.060 0.000
6.070 0.000
6.080 0.000
6.090 0.000
6.100 0.000
6.110 0.000
6.120 0.000
6.130 0.000
6.140 0.000
6.150 0.000
6.160 0.000
6.170 0.000
6.180 0.000
6.190 0.000
6.200 0.000
6.210 0.000
6.220 0.000
6.230 0.000
6.240 0.000
6.250 0.000
6.260 0.000
6.270 0.000
6.280 0.000
6.290 0.000
6.300 0.000
6.310 0.000
6.320 0.000
6.330 0.000
6.340 0.000
6.350 0.000
6.360 0.000
6.370 0.000
6.380 0.000
6.390 0.000
6.400 0.000
6.410 0.000
6.420 0.000
6.430 0.000
6.440 0.000
6.450 0.000
6.460 0.000
6.470 0.000
6.480 0.000
6.490 0.000
6.500 0.000
6.510 0.000
6.520 0.000
6.530 0.000
6.540 0.000
6.550 0.000
6.560 0.000
6.570 0.000
6.580 0.000
6.590 0.000
6.600 0.000
6.610 0.000
6.620 0.000
6.630 0.000
6.640 0.000
6.650 0.000
6.660 0.000
6.670 0.000
6.680 0.000
6.690 0.000
6.700 0.000
6.710 0.000
6.720 0.000
6.730 0.000
6.740 0.000
6.750 0.000
6.760 0.000
6.770 0.000
6.780 0.000
6.790 0.000
6.800 0.000
6.810 0.000
6.820 0.000
6.830 0.000
6.840 0.000
6.850 0.000
6.860 0.000
6.870 0.000
6.880 0.000
6.890 0.000
6.900 0.000
6.910 0.000
6.920 0.000
6.930 0.000
6.940 0.000
6.950 0.000
6.960 0.000
6.970 0.000
6.980 0.000
6.990 0.000
7.000 0.000
7.010 0.000
